place(-4.059, -1.709, -21.366, "Soldier", 600)
upgrade(-4.059, -0.359, -21.366, 250)
place(-9.177, -1.569, -30.860, "Military Base", 610)
upgrade(-9.177, -0.707, -30.860, 210)
upgrade(-9.177, -0.707, -30.860, 587)
place(-0.919, -1.528, -21.839, "Militant", 872)
upgrade(-0.919, -0.178, -21.839, 1000)
place(-2.234, -1.646, -18.702, "Militant", 1072)
upgrade(-2.234, -0.296, -18.702, 388)
upgrade(-2.234, -0.296, -18.702, 1018)
place(-2.960, -1.663, -24.162, "Militant", 1515)
upgrade(-2.960, -0.313, -24.162, 815)
upgrade(-2.960, -0.313, -24.162, 1055)
place(-6.073, -1.729, -23.974, "Militant", 1201)
upgrade(-6.073, -0.379, -23.974, 501)
upgrade(-6.073, -0.379, -23.974, 941)
place(-5.296, -1.817, -18.112, "Militant", 2802)
upgrade(-5.296, -0.467, -18.112, 2452)
upgrade(-5.296, -0.467, -18.112, 2252)
place(0.206, -1.554, -24.895, "Militant", 1352)
upgrade(0.206, -0.204, -24.895, 652)
upgrade(0.206, -0.204, -24.895, 1068)
place(1.154, -1.458, -18.983, "Militant", 2038)
upgrade(1.154, -0.108, -18.983, 1338)
upgrade(1.154, -0.108, -18.983, 1138)
upgrade(-2.234, -0.296, -18.702, 3034)
place(-7.153, -1.770, -20.794, "Militant", 1004)
upgrade(-7.153, -0.420, -20.794, 384)
upgrade(-7.153, -0.420, -20.794, 2205)
place(2.270, -1.391, -22.262, "Militant", 1385)
upgrade(2.270, -0.041, -22.262, 871)
upgrade(-7.153, -0.420, -20.794, 4038)
place(-8.552, -1.807, -17.809, "Militant", 2188)
upgrade(-8.552, -0.457, -17.809, 1488)
upgrade(-8.552, -0.457, -17.809, 1288)