place(-10.847, 1.028, -5.093, "Soldier", 600)
upgrade(-10.847, 2.378, -5.093, 173)
upgrade(-10.847, 2.378, -5.093, 482)
place(-10.678, 1.028, -1.977, "Militant", 699)
place(-10.647, 1.028, -1.926, "Militant", 707)
upgrade(-10.647, 2.378, -1.926, 469)
upgrade(-10.647, 2.378, -1.926, 1262)
place(-13.386, 1.028, -3.229, "Militant", 1258)
upgrade(-13.386, 2.378, -3.229, 790)
upgrade(-13.386, 2.378, -3.229, 990)
place(-8.102, 1.028, -3.651, "Militant", 1087)
upgrade(-8.102, 2.378, -3.651, 387)
upgrade(-8.102, 2.378, -3.651, 1671)
place(-13.195, 1.028, -0.132, "Militant", 771)
upgrade(-13.195, 2.378, -0.132, 417)
upgrade(-13.195, 2.378, -0.132, 1981)
place(-7.832, 1.028, -0.440, "Militant", 1081)
upgrade(-7.832, 2.378, -0.440, 381)
upgrade(-7.832, 2.378, -0.440, 1848)
place(-13.578, 1.028, -6.439, "Militant", 948)
upgrade(-13.578, 2.378, -6.439, 264)
upgrade(-10.647, 2.378, -1.926, 6274)
upgrade(-7.832, 2.378, -0.440, 3644)
upgrade(-13.386, 2.378, -3.229, 3961)
upgrade(-13.195, 2.378, -0.132, 3558)
place(-8.167, 1.028, -6.809, "Militant", 808)
upgrade(-8.102, 2.378, -3.651, 4226)
upgrade(-13.578, 2.378, -6.439, 4416)
upgrade(-13.578, 2.378, -6.439, 5375)
upgrade(-8.167, 2.378, -6.809, 2625)
upgrade(-8.167, 2.378, -6.809, 1855)
place(-10.884, 1.028, -8.486, "Militant", 1525)
upgrade(-10.884, 2.378, -8.486, 1381)
upgrade(-10.884, 2.378, -8.486, 1265)
upgrade(-10.884, 2.378, -8.486, 3097)
place(-10.374, 1.028, 1.271, "Militant", 1347)
upgrade(-10.374, 2.378, 1.271, 647)
upgrade(-10.374, 2.378, 1.271, 1447)
upgrade(-10.374, 2.378, 1.271, 3511)
upgrade(-8.167, 2.378, -6.809, 8881)
place(10.604, 1.000, 17.123, "Militant", 6481)
upgrade(10.604, 2.350, 17.123, 5781)
upgrade(10.604, 2.350, 17.123, 5582)
upgrade(10.604, 2.350, 17.123, 4700)
upgrade(10.604, 2.350, 17.123, 1931)
place(7.954, 1.000, 18.741, "Militant", 1931)
place(4.755, 1.000, 18.755, "Militant", 1231)
place(-12.939, 1.028, 2.998, "Militant", 3058)
upgrade(-12.939, 2.378, 2.998, 2358)
upgrade(-12.939, 2.378, 2.998, 2158)
upgrade(-12.939, 2.378, 2.998, 1268)
upgrade(-12.939, 2.378, 2.998, 1258)
upgrade(-12.939, 2.378, 2.998, 3202)
place(-7.682, 1.028, 3.042, "Militant", 1234)
upgrade(-7.682, 2.378, 3.042, 634)
upgrade(-7.682, 2.378, 3.042, 434)
upgrade(-7.682, 2.378, 3.042, 1684)