place(11.415, 1.000, -17.000, "Soldier", 500)
upgrade(11.415, 2.350, -17.000, 150)
upgrade(11.415, 2.350, -17.000, 432)
place(8.319, 1.000, -16.858, "Soldier", 523)
upgrade(8.319, 2.350, -16.858, 173)
upgrade(8.319, 2.350, -16.858, 680)
place(9.722, 1.000, -19.712, "Soldier", 355)
upgrade(9.722, 2.350, -19.712, 672)
upgrade(9.722, 2.350, -19.712, 592)
place(6.542, 1.000, -19.368, "Soldier", 1018)
upgrade(6.542, 2.350, -19.368, 668)
upgrade(6.542, 2.350, -19.368, 568)
place(4.856, 1.000, -16.382, "Militant", 1219)
upgrade(4.856, 2.350, -16.382, 519)
upgrade(4.856, 2.350, -16.382, 1549)
upgrade(4.856, 2.350, -16.382, 3454)
upgrade(4.856, 2.350, -16.382, 9166)
place(6.898, 1.000, -14.037, "Militant", 2578)
upgrade(6.898, 2.350, -14.037, 1878)
upgrade(6.898, 2.350, -14.037, 2212)