place(11.317, 1.000, 12.291, "Crook Boss", 950)
upgrade(11.317, 2.350, 12.291, 452)
upgrade(11.317, 2.350, 12.291, 1396)
place(16.617, 1.000, 17.768, "Military Base", 639)
upgrade(16.617, 1.863, 17.768, 819)
upgrade(16.617, 1.863, 17.768, 649)
upgrade(16.617, 1.863, 17.768, 2699)
place(21.153, 1.000, 17.756, "Military Base", 1036)
upgrade(21.153, 1.863, 17.756, 436)
upgrade(21.153, 1.863, 17.756, 1086)
upgrade(21.153, 1.863, 17.756, 2955)
place(16.596, 1.000, 22.340, "Military Base", 698)
upgrade(16.596, 1.863, 22.340, 377)
upgrade(16.596, 1.863, 22.340, 1153)
upgrade(16.596, 1.863, 22.340, 2685)
place(16.201, 1.000, 27.515, "Military Base", 1510)
upgrade(16.201, 1.863, 27.515, 913)
upgrade(16.201, 1.863, 27.515, 632)
upgrade(16.201, 1.863, 27.515, 2671)
place(11.270, 1.000, 26.956, "Military Base", 3586)
upgrade(11.270, 1.863, 26.956, 2986)
upgrade(11.270, 1.863, 26.956, 2687)
upgrade(11.270, 1.863, 26.956, 4436)
upgrade(16.617, 1.863, 17.768, 11667)
upgrade(16.596, 1.863, 22.340, 13346)