place(1.748, -0.000, 3.039, "Soldier", 500)
upgrade(1.748, 1.350, 3.039, 150)
upgrade(1.748, 1.350, 3.039, 725)
place(1.610, -0.000, 6.146, "Soldier", 447)
upgrade(1.610, 1.350, 6.146, 102)
upgrade(1.610, 1.350, 6.146, 722)
place(-1.117, -0.000, 4.613, "Militant", 1370)
upgrade(-1.117, 1.350, 4.613, 680)
upgrade(-1.117, 1.350, 4.613, 1590)
upgrade(-1.117, 1.350, 4.613, 3465)
place(-1.452, -0.000, 1.409, "Militant", 1100)
upgrade(-1.452, 1.350, 1.409, 400)
upgrade(-1.452, 1.350, 1.409, 2230)
upgrade(-1.452, 1.350, 1.409, 3589)
place(-1.675, -0.000, 7.771, "Militant", 839)
upgrade(-1.675, 1.350, 7.771, 325)
upgrade(-1.675, 1.350, 7.771, 2657)
upgrade(-1.675, 1.350, 7.771, 4652)
place(1.186, -0.000, 9.177, "Militant", 1902)
upgrade(1.186, 1.350, 9.177, 1202)
upgrade(1.186, 1.350, 9.177, 1003)
upgrade(1.186, 1.350, 9.177, 3672)
upgrade(-1.117, 1.350, 4.613, 10207)