place(-15.300, 4.040, 41.027, "Trapper", 600)
upgrade(-15.300, 5.390, 41.027, 514)
upgrade(-15.300, 5.390, 41.027, 1842)
place(-12.166, 4.040, 41.545, "Trapper", 1168)
upgrade(-12.166, 5.390, 41.545, 668)
upgrade(-12.166, 5.390, 41.545, 2449)
place(-9.018, 4.040, 41.607, "Trapper", 2345)
upgrade(-9.018, 5.390, 41.607, 1845)
upgrade(-9.018, 5.390, 41.607, 1360)
upgrade(-9.018, 5.390, 41.607, 1584)
place(-15.572, 4.040, 37.910, "Trapper", 1257)
upgrade(-15.572, 5.390, 37.910, 757)
upgrade(-15.572, 5.390, 37.910, 1725)
place(-12.352, 4.040, 38.171, "Trapper", 585)
upgrade(-12.352, 5.390, 38.171, 601)
upgrade(-12.352, 5.390, 38.171, 1584)
place(-9.044, 4.040, 38.561, "Trapper", 779)
upgrade(-9.044, 5.390, 38.561, 1749)
upgrade(-9.044, 5.390, 38.561, 1525)
place(-10.435, 4.040, 35.682, "Trapper", 2165)
upgrade(-10.435, 5.390, 35.682, 1665)
upgrade(-10.435, 5.390, 35.682, 1570)
place(-13.889, 4.000, 35.295, "Trapper", 2077)
upgrade(-12.352, 5.390, 38.171, 5115)
upgrade(-12.166, 5.390, 41.545, 5606)
place(-13.809, 4.000, 35.259, "Trapper", 5519)
upgrade(-15.572, 5.390, 37.910, 5644)
upgrade(-9.044, 5.390, 38.561, 5132)
place(-14.758, 3.000, -3.690, "Militant", 1332)
upgrade(-14.758, 4.350, -3.690, 632)