place(-10.576, 3.000, -26.790, "Soldier", 600)
upgrade(-10.576, 4.350, -26.790, 250)
place(-7.421, 3.000, -26.650, "Soldier", 482)
upgrade(-7.421, 4.350, -26.650, 132)
place(-8.984, 3.000, -24.089, "Soldier", 609)
upgrade(-8.984, 4.350, -24.089, 259)
place(-5.613, 3.000, -24.044, "Soldier", 669)
upgrade(-5.613, 4.350, -24.044, 319)
place(-10.668, 3.000, -18.735, "Military Base", 1239)
place(-5.939, 3.000, -18.599, "Military Base", 839)
place(-11.009, 3.000, -14.241, "Military Base", 439)
upgrade(-10.668, 3.863, -18.735, 621)
upgrade(-5.939, 3.863, -18.599, 421)
upgrade(-11.009, 3.863, -14.241, 221)
place(-15.627, 3.000, -14.269, "Military Base", 948)
upgrade(-15.627, 3.863, -14.269, 548)
place(-20.497, 3.000, -14.607, "Military Base", 524)
upgrade(-20.497, 3.863, -14.607, 1021)
upgrade(-20.497, 3.863, -14.607, 821)
upgrade(-15.627, 3.863, -14.269, 421)
upgrade(-20.497, 3.863, -14.607, 2571)
upgrade(-11.009, 3.863, -14.241, 821)
upgrade(-10.668, 3.863, -18.735, 429)
upgrade(-15.627, 3.863, -14.269, 1824)
upgrade(-11.009, 3.863, -14.241, 2448)
upgrade(-5.939, 3.863, -18.599, 698)
upgrade(-5.939, 3.863, -18.599, 3494)
upgrade(-10.668, 3.863, -18.735, 1984)
upgrade(-20.497, 3.863, -14.607, 10406)
upgrade(-15.627, 3.863, -14.269, 7615)
upgrade(-11.009, 3.863, -14.241, 7801)
upgrade(-10.668, 3.863, -18.735, 7821)
upgrade(-5.939, 3.863, -18.599, 9005)