place(12.181, 1.000, -10.345, "Soldier", 600)
upgrade(12.181, 2.350, -10.345, 198)
upgrade(12.181, 2.350, -10.345, 610)
place(12.280, 1.000, -7.179, "Militant", 787)
upgrade(12.280, 2.350, -7.179, 772)
place(12.296, 1.000, -4.110, "Militant", 1680)
upgrade(12.296, 2.350, -4.110, 1004)
upgrade(12.296, 2.350, -4.110, 1386)
upgrade(12.280, 2.350, -7.179, 2115)
place(21.473, 1.000, 16.939, "Military Base", 1215)
upgrade(21.473, 1.863, 16.939, 815)
place(21.067, 1.000, 12.321, "Military Base", 631)
upgrade(21.067, 1.863, 12.321, 239)
upgrade(21.473, 1.863, 16.939, 1501)
upgrade(21.067, 1.863, 12.321, 1101)
place(9.222, 1.000, -11.499, "Medic", 701)
place(21.381, 1.000, 7.779, "Military Base", 681)
upgrade(21.381, 1.863, 7.779, 518)
upgrade(21.381, 1.863, 7.779, 401)
place(21.036, 1.000, 3.211, "Military Base", 1285)
upgrade(21.036, 1.863, 3.211, 885)
upgrade(21.036, 1.863, 3.211, 685)
upgrade(21.036, 1.863, 3.211, 7258)
upgrade(21.381, 1.863, 7.779, 5508)
upgrade(21.067, 1.863, 12.321, 3758)
upgrade(21.473, 1.863, 16.939, 2008)
place(21.045, 1.000, -1.386, "Military Base", 1298)
upgrade(21.045, 1.863, -1.386, 955)
upgrade(21.045, 1.863, -1.386, 778)
upgrade(21.045, 1.863, -1.386, 2079)
upgrade(12.296, 2.350, -4.110, 3962)
upgrade(9.222, 2.368, -11.499, 1332)
upgrade(9.222, 2.368, -11.499, 832)
upgrade(21.036, 1.863, 3.211, 9359)
upgrade(21.045, 1.863, -1.386, 9465)
upgrade(21.381, 1.863, 7.779, 12712)
upgrade(21.067, 1.863, 12.321, 7634)