place(-1.530, 6.101, -10.259, "Soldier", 600)
upgrade(-1.530, 7.451, -10.259, 250)
upgrade(-1.530, 7.451, -10.259, 532)
place(1.509, 6.101, -10.373, "Militant", 1230)
upgrade(1.509, 7.451, -10.373, 530)
upgrade(1.509, 7.451, -10.373, 1091)
place(0.078, 6.100, -7.549, "Militant", 1018)
upgrade(0.078, 7.450, -7.549, 334)
upgrade(0.078, 7.450, -7.549, 927)
place(-0.270, 6.101, -13.016, "Militant", 1499)
upgrade(-0.270, 7.451, -13.016, 799)
upgrade(-0.270, 7.451, -13.016, 1630)
place(3.206, 6.100, -7.729, "Militant", 1031)
upgrade(3.206, 7.450, -7.729, 347)
upgrade(3.206, 7.450, -7.729, 1607)
place(-3.139, 6.101, -7.582, "Militant", 823)
upgrade(-3.139, 7.451, -7.582, 243)
upgrade(-3.139, 7.451, -7.582, 1275)
place(-3.422, 6.101, -12.774, "Militant", 735)
upgrade(-3.422, 7.451, -12.774, 304)
upgrade(-3.422, 7.451, -12.774, 1834)
place(4.552, 6.101, -10.634, "Militant", 959)
upgrade(4.552, 7.451, -10.634, 284)
upgrade(4.552, 7.451, -10.634, 1780)
place(-5.321, 6.101, -10.060, "Militant", 1342)
upgrade(-5.321, 7.451, -10.060, 724)
upgrade(-5.321, 7.451, -10.060, 1063)
place(-6.219, 6.101, -7.059, "Militant", 1765)
upgrade(-6.219, 7.451, -7.059, 1065)
upgrade(-6.219, 7.451, -7.059, 1015)
place(-6.553, 6.101, -13.270, "Militant", 845)
upgrade(-6.553, 7.451, -13.270, 1827)
upgrade(-6.553, 7.451, -13.270, 1627)